UN
 15,13,66,18,17,75,16,64,47,34,40,12,69,68,67,62,55,24,11,6,86,77,74,60,53,50,48,45,3,90,88,80,78,76,72,70,65,54,51,35,31,28,25,20,19,91,87,83,79,71,49,46,43,39,38,33,32,30,26,22,14,8,5,4
UNE
 39,40,79,30,78,91,55,52,42,80,75,46,25,8,81,76,74,43,38,82,77,51,50,9,86,73,58,48,45,44,41,18,65,62,61,59,49,31,28,27,22,19,17,16,12,85,70,66,63,57,56,54,53,47,37,35,34,33,26,24,23,14,6,5,3
UNIQUE
 70,65,50
UNIQUEMENT
 72,60,49
UP
 45,40,39,24
URGENCES
 86
URL
 66,65,23
USUELLEMENT
 40
UTILE
 77,49,47,11,5
UTILES
 69,19,12,6
UTILISANT
 81,49,42,24
UTILISATEUR
 77,87,86,75,40,8,2,1
UTILISATEURS
 77,9,88,66,50,44,8
UTILISATION
 12
UTILISENT
 32,29
UTILISER
 2,72,23,8
UTILISEZ
 23,18,17
UTILITÉ
 78,44,4,3
