V
 82,26
VACANCES
 55
VALEUR
 24,38,78,12
VALEUR/SCORING
 24
VALEURS
 78,24
VALIDATION
 76,79,59,81,80,75,36,82,77
VALIDE
 36
VALIDER
 76,81,80,79,82,78,77,75,73,34,30
VALIDER/REFUSER
 76,73
VALIDEZ
 85,81,80,68,47,35
VALIDÉ
 35,85,82
VALIDÉE
 76,74
VALIDÉES
 85,83,76,55
VALIDÉS
 85,38,36
VENDU
 58
VENDUS
 58
VENEZ
 79
VENONS
 52
VENTE
 58
VENTES
 56
VERRONS
 3
VERS
 13,66,14
VERSION
 59,4
VERT
 74,62,45,35,34
VI
 83,56
VIA
 91,51,22,6,90,87,79,75,74,73,71,57,37,33,32,29,28,7
VIDE
 15,82,78,34,16
VIDEO
 23
VIDÉO
 23
VIDÉOS
 23
VIE
 5
VIENT
 75,50,37,15
VIGNETTE
 22,14,5
VIGNETTES
 5,52,22,18,17,16,4,3,14
VII
 61
VIII
 65
VISIBILITÉ
 45,25
VISIBLE
 28,14,13,8
VISIBLES
 45,9
VISION
 55,85,81,53,7
VISUALISATION
 4
VISUALISER
 83,75,85,76,4,86,81,55,53,51,21,13,12,11,6,3
VISUEL
 23
VISUELLE
 57,25,5
VISUELLEMENT
 44
VISUELS
 23,26
VISUELS/VIDÉO
 23
VIVANT
 69
VOCATION
 77,4,3
VOIR
 15,14,52,45,17,7
VOIT
 75
VOLÉE
 11
VOS
 51,56,26,21,12,7,90,88,78,49,28,27,11,10,8,4,81,79,76,65,57,36,5,86,84,77,72,70,64,44,33,31,29,23,22,20,9,6
VOTRE
 78,70,12,91,50,26,76,51,44,39,27,22,85,25,82,80,79,77,74,64,49,34,23,19,7,4,81,72,63,59,56,43,37,24,21,18,16,13,11,5,88,87,75,71,68,67,66,65,53,41,38,36,33,31,30,29,28,20,17,9,8,6,3
VOULEZ
 83
VOULUE
 38
VOUS
 78,88,81,51,49,38,72,22,9,86,64,26,8,6,5,70,50,45,27,25,15,11,3,87,79,77,74,65,57,44,39,36,31,23,21,18,90,85,35,29,14,13,4,91,89,84,80,76,75,71,63,62,46,43,42,40,33,30,19,17,12,10,83,82,73,68,67,66,58,55,53,47,37,34,32,16,7
VOUS-MÊME
 9
VU
 77,12
VUE
 8,9,18,17,10,6,52,16,7,71,57,22,11,3
VUES
 9,8,7,11,10,52,89,6,3
VÉRIFIER
 53,46
VÉRIFIEZ
 17
