UN
 15,13,62,18,17,16,60,46,34,12,65,64,63,58,24,11,6,56,49,47,44,3,70,68,66,61,50,35,31,28,25,20,19,71,67,48,45,42,39,38,33,32,30,26,22,14,8,5,4
UNE
 39,30,71,51,41,45,25,8,42,38,50,49,9,54,47,44,43,40,18,61,58,57,55,48,31,28,27,22,19,17,16,12,66,62,59,53,52,46,37,35,34,33,26,24,23,14,6,5,3
UNIQUE
 66,61,49
UNIQUEMENT
 56,48
UP
 44,39,24
URL
 62,61,23
UTILE
 48,46,11,5
UTILES
 65,19,12,6
UTILISANT
 48,41,24
UTILISATEUR
 8,2,1
UTILISATEURS
 9,68,62,49,43,8
UTILISATION
 12
UTILISENT
 32,29
UTILISER
 2,23,8
UTILISEZ
 23,18,17
UTILITÉ
 43,4,3
