L
 23,14,63,76,60,29,15,8,81,72,51,49,36,35,34,33,28,75,73,65,55,38,30,27,25,19,18,17,10,7,6,5,1,80,79,70,69,68,67,66,62,59,58,57,56,52,50,48,47,45,44,43,41,40,37,31,26,21,20,16,11,9,77,32,12,3
L'ADMINISTRATION
 1
L'ADRESSE
 69
L'AFFICHAGE
 65,29
L'AFFICHER
 76,72,38,19,18,17
L'AJOUT
 8,7,6,5
L'ANNÉE
 60
L'APPLICATION
 63
L'ENSEMBLE
 75,60
L'ENTREPRISE
 28
L'EXPORT
 76
L'EXPORTER
 63
L'HISTORIQUE
 63
L'HISTORIQUES
 63
L'IMPORT
 77
L'INDICATEUR
 25
L'ONGLET
 11,10,9,8,7,6,5,60,55,51,36,35,34,33,32,27,15,12,3
L'OPTION
 49,30
L'ORDRE
 72,51,36,35,34,33,15
L'ORGANIGRAMME
 10,8
L'UTILISATEUR
 69,1
L'ÉCRAN
 29,28
LA
 67,62,58,38,14,73,55,36,35,34,33,81,80,78,74,69,68,66,63,59,49,37,27,25,9,3,79,76,72,57,56,28,15,77,75,70,65,61,53,51,50,48,47,45,44,43,41,40,30,29,26,22,18,17,16,8,7,5
LANGUES
 23
LE
 62,8,79,68,23,76,74,69,66,52,50,49,36,35,34,33,27,18,7,6,80,56,55,31,25,21,20,17,5,81,75,73,61,59,57,54,48,47,38,37,29,28,26,22,16,15,11,9,2
LEARNING
 36
LES
 55,66,37,45,44,43,41,40,38,27,23,76,68,48,47,33,31,81,75,72,65,36,35,34,15,14,11,10,80,79,73,71,70,67,64,63,62,60,58,57,53,52,50,46,42,39,25,24,19,13,8,3,2
LESQUELS
 14
LICENCES
 53
LICENSES
 53
LIEN
 49
LIRABLES
 45
LIST
 22
LISTE
 73,49,14,81,68,66,55,22,15,11
LISTES
 22
LIVRABLE
 45
LONGUEUR
 62
LORS
 69,37,27
LORSQUE
 51,37,23
LUI
 69
L‘ENSEMBLE
 81
L‘ON
 23
L‘ORDRE
 23
L‘ORDRE/SUPPRIMER
 23
L‘ÉCRAN
 23
L’AIDE
 14,23
L’ONGLET
 23,14,81,80,79,76,75,73,72,70,68,67,66,65,63,62,60,59,58,57,56,55,52,51,50,49,48,47,45,44,43,41,40,38,37,36,35,34,33,31,30,29,28,27,26,25,21,20,19,18,17,16,15
L’ORDRE
 23,14
L’OUTIL
 23
L’ÉCRAN
 14,73,49,15
L’ÉLÉMENT
 81
