PAGE
 81,69,68,66
PAR
 66,55,70,68,67,53,51,37,23
PARAMETRÉS
 68
PARAMÈTRAGES
 60
PARAMÈTRE
 78
PARAMÉTRAGE
 23,55,51,29,10,1,76,12,4
PARAMÉTRAGES
 10
PARAMÉTRER
 71,64,61,56,54,52,51,50,48,47,46,45,44,43,42,41,40,39,38,37,36,35,34,33,32,24,13,3
PARENT
 74,18,8
PARTIE
 3,80,79,78,77,72,8
PAS
 63,52,28,25,8,3
PASSE
 62,61
PAYS
 6
PERMET
 8
PEUT
 80,79,69,63,31
PHASE
 14,38,15
PHASES
 14,15
PLAGE
 63
PLANNING
 66
PLUS
 27,14,3
PLUSIEURS
 62,37,14
PORJETS
 29
POSER
 69
POSSIBILITÉ
 76,55,37,27,80,79,75,72,69,51,50,49,48,47,45,44,43,41,40,38,36,35,34,33,9
POSSIBLE
 23,62,68,66,14
POUR
 74,58,69,65,62,59,57,56,55,36,35,34,33,29,27,25,22,81,80,79,78,77,76,75,73,72,70,67,63,61,60,52,51,50,48,47,45,44,43,41,40,38,37,28,26,23,21,20,19,18,17,15,11,10,9,8,7,6,5
POUVER
 67
POUVEZ
 79,80,68,63,62,52,51,36,35,34,33,14,72,67,27,23,21,20,9
PREMIER
 23
PRENOM
 62
PRIORITÉ
 26
PROBLÈME
 42,44,43
PROBLÈMES
 42
PROCESS
 34,74
PROFIL
 9
PROGRAMME
 49
PROJET
 18,38,23,17,14,52,51,50,31,19,3,78,77,60,59,58,57,56,55,49,48,47,36,35,34,33,27,25,20
PROJETS
 31,20,14,13,12,55,18,17,15,45,44,43,41,40,37,36,35,34,33,30,26,21,19,16,48,47,38,29,28,27,25,22
PRÉCISER
 23,14
PRÉSENTES
 22
PRÉSENTÉ
 15
PRÉVISION
 79
PUIS
 58,21,20,65,59,57,56,49,22,14,11,7
PÉRIODE
 78
