2
 26,48,44,41,34,29,28,27,25,15,74,24,23,22,14,73,66,63,56,47,45,43,40,38,37,36,35,33,31,30,21,20,19,18,17,16,6,46,42,39,32,13,12,81,80,79,76,75,72,70,69,68,67,65,62,60,59,58,57,55,52,51,50,49,11,10,9,8,7,5
2.1
 13
2.1.1
 14
2.1.10
 23
2.1.2
 15
2.1.3
 16
2.1.4
 17
2.1.5
 18
2.1.6
 19
2.1.7
 20
2.1.8
 21
2.1.9
 22
2.10
 45
2.11
 46
2.11.1
 47
2.11.2
 48
2.2
 24
2.2.1
 25
2.2.2
 26
2.2.3
 27
2.2.4
 28
2.2.5
 29
2.3
 30
2.4
 31
2.5
 32
2.5.1
 33
2.5.2
 34
2.5.3
 35
2.5.4
 36
2.6
 37
2.7
 38
2.8
 39
2.8.1
 40
2.8.2
 41
2.9
 42
2.9.1
 43
2.9.2
 44
2016
 1
