OBLIGATOIRE
 8
OCCURENCE
 41
OCCURENCES
 41
ON
 31,23
ONGLET
 23,51,14,60,55,36,35,34,33,27,15,81,80,79,76,75,73,72,70,68,67,66,65,63,62,59,58,57,56,52,50,49,48,47,45,44,43,41,40,38,37,31,30,29,28,26,25,21,20,19,18,17,16,11,10,9,8,7,6,5,3,32,12,4
ONGLETS
 23,51,3
OPEX
 58
OPTION
 49,30
OPTIONS
 75
ORDINATEUR
 21,20
ORDONNER
 81,15
ORDRE
 23,72,51,36,35,34,33,15,14
ORGANIGRAMME
 10,8
OU
 69,62,58,15,14,10,81,55,38,27,23,80,79,76,75,72,70,68,65,59,57,56,52,51,50,48,47,45,44,43,41,40,37,36,35,34,33,31,30,29,28,25,22,19,18,17,9,8,7,6,5
OUI
 31,10,75,70,38,30,29,28,3
OUTIL
 23
OUVERT
 51
OUVREZ
 51
OUVRIR
 23
